Czas 1/4 mili: 12.063649887714128
Predkosc[mile]:137.84342274832596
Predkosc[hm/h]:220.54947639732154